
> tauri-app@0.1.0 tauri
> tauri dev

     Running BeforeDevCommand (`npm run dev`)

> tauri-app@0.1.0 dev
> vite


  [32m[1mVITE[22m v7.3.1[39m  [2mready in [0m[1m202[22m[2m[0m ms[22m

  [32m筐・[39m  [1mLocal[22m:   [36mhttp://localhost:[1m1420[22m/[39m
     Running DevCommand (`cargo  run --no-default-features --color always --`)
        Info Watching C:\Users\u\OneDrive\devel\Antigravity\Projects\yats\src-tauri for changes...
   Compiling yats v0.1.0 (C:\Users\u\OneDrive\devel\Antigravity\Projects\yats\src-tauri)
    Building [] 398/400
                         
warning: unused import: `Emitter`
 --> src\touchpad_monitor.rs:4:24
  |
4 | use tauri::{AppHandle, Emitter};
  |                        ^^^^^^^
  |
  = note: `#[warn(unused_imports)]` (part of `#[warn(unused)]`) on by default

    Building [] 398/400
                         
warning: fields `last_y` and `app_handle` are never read
  --> src\touchpad_monitor.rs:16:9
   |
14 | pub struct MonitorState {
   |            ------------ fields in this struct
15 |     pub is_touched: AtomicBool,
16 |     pub last_y: AtomicI32,
   |         ^^^^^^
17 |     pub y_delta: AtomicI32,
18 |     pub app_handle: Arc<Mutex<Option<AppHandle>>>,
   |         ^^^^^^^^^^
   |
   = note: `#[warn(dead_code)]` (part of `#[warn(unused)]`) on by default

    Building [] 398/400
                         
warning: `yats` (lib) generated 2 warnings (run `cargo fix --lib -p yats` to apply 1 suggestion)
    Building [] 399/400
                         
    Finished `dev` profile [unoptimized + debuginfo] target(s) in 5.95s
     Running `C:/Users/u/cargo_targets/yats\debug\yats.exe`
HID Monitor window created: 0x3a0e64
INTERACTIVE DIAGNOSTIC STARTING. Registration complete.
!!! [HID] handle=0x1008b, data=[80 80 00 E4 73 C5 1F 03 17 01 00 D1 00 01 10 00 00 00 03 00 02 04 54 00 00 00 00 00 00 00 00 00 00]
Setup: Emitting diagnostic ping...
!!! [HID] handle=0x1008b, data=[80 80 00 E4 73 C5 1F 03 17 01 00 D1 00 01 10 00 00 00 03 00 02 04 54 00 00 00 00 00 00 00 00 00 00]
!!! [HID] handle=0x1008b, data=[80 80 00 E4 73 C5 1F 03 17 01 00 D1 00 01 10 00 00 00 03 00 02 04 54 00 00 00 00 00 00 00 00 00 00]
!!! [HID] handle=0x1008b, data=[80 80 00 E4 73 C5 1F 03 17 01 00 D1 00 01 10 00 00 00 03 00 02 04 54 00 00 00 00 00 00 00 00 00 00]
!!! [HID] handle=0x1008b, data=[80 80 00 E4 73 C5 1F 03 17 01 00 D1 00 01 10 00 00 00 03 00 02 04 54 00 00 00 00 00 00 00 00 00 00]
!!! [HID] handle=0x1008b, data=[80 80 00 E4 73 C5 1F 03 17 01 00 D1 00 01 10 00 00 00 03 00 02 04 54 00 00 00 00 00 00 00 00 00 00]
!!! [HID] handle=0x1008b, data=[80 80 00 E4 73 C5 1F 03 17 01 00 D1 00 01 10 00 00 00 03 00 02 04 54 00 00 00 00 00 00 00 00 00 00]
!!! [HID] handle=0x1008b, data=[80 80 00 E4 73 C5 1F 03 17 01 00 D1 00 01 10 00 00 00 03 00 02 04 54 00 00 00 00 00 00 00 00 00 00]
!!! [HID] handle=0x1008b, data=[80 80 00 E4 73 C5 1F 03 17 01 00 D1 00 01 10 00 00 00 03 00 02 04 54 00 00 00 00 00 00 00 00 00 00]
!!! [HID] handle=0x1008b, data=[80 80 00 E4 73 C5 1F 03 17 01 00 D1 00 01 10 00 00 00 03 00 02 04 54 00 00 00 00 00 00 00 00 00 00]
!!! [HID] handle=0x1008b, data=[80 80 00 E4 73 C5 1F 03 17 01 00 D1 00 01 10 00 00 00 03 00 02 04 54 00 00 00 00 00 00 00 00 00 00]
Backend: Heartbeat Ping emitted.
!!! [HID] handle=0x1008b, data=[80 80 00 E4 73 C5 1F 03 17 01 00 D1 00 01 10 00 00 00 03 00 02 04 54 00 00 00 00 00 00 00 00 00 00]
!!! [HID] handle=0x1008b, data=[80 80 00 E4 73 C5 1F 03 17 01 00 D1 00 01 10 00 00 00 03 00 02 04 54 00 00 00 00 00 00 00 00 00 00]
!!! [HID] handle=0x1008b, data=[80 80 00 E4 73 C5 1F 03 17 01 00 D1 00 01 10 00 00 00 03 00 02 04 54 00 00 00 00 00 00 00 00 00 00]
!!! [HID] handle=0x1008b, data=[80 80 00 E4 73 C5 1F 03 17 01 00 D1 00 01 10 00 00 00 03 00 02 04 54 00 00 00 00 00 00 00 00 00 00]
!!! [HID] handle=0x1008b, data=[80 80 00 E4 73 C5 1F 03 17 01 00 D1 00 01 10 00 00 00 03 00 02 04 54 00 00 00 00 00 00 00 00 00 00]
!!! [HID] handle=0x1008b, data=[80 80 00 E4 73 C5 1F 03 17 01 00 D1 00 01 10 00 00 00 03 00 02 04 54 00 00 00 00 00 00 00 00 00 00]
!!! [HID] handle=0x1008b, data=[80 80 00 E4 73 C5 1F 03 17 01 00 D1 00 01 10 00 00 00 03 00 02 04 54 00 00 00 00 00 00 00 00 00 00]
!!! [HID] handle=0x1008b, data=[80 80 00 E4 73 C5 1F 03 17 01 00 D1 00 01 10 00 00 00 03 00 02 04 54 00 00 00 00 00 00 00 00 00 00]
!!! [HID] handle=0x1008b, data=[80 80 00 E4 73 C5 1F 03 17 01 00 D1 00 01 10 00 00 00 03 00 02 04 54 00 00 00 00 00 00 00 00 00 00]
!!! [HID] handle=0x1008b, data=[80 80 00 E4 73 C5 1F 03 17 01 00 D1 00 01 10 00 00 00 03 00 02 04 54 00 00 00 00 00 00 00 00 00 00]
Backend: Heartbeat Ping emitted.
!!! [HID] handle=0x1008b, data=[80 80 00 E4 73 C5 1F 03 17 01 00 D1 00 01 10 00 00 00 03 00 02 04 54 00 00 00 00 00 00 00 00 00 00]
!!! [HID] handle=0x1008b, data=[80 80 00 E4 73 C5 1F 03 17 01 00 D1 00 01 10 00 00 00 03 00 02 04 54 00 00 00 00 00 00 00 00 00 00]
!!! [HID] handle=0x1008b, data=[80 80 00 E4 73 C5 1F 03 17 01 00 D1 00 01 10 00 00 00 03 00 02 04 54 00 00 00 00 00 00 00 00 00 00]
!!! [HID] handle=0x1008b, data=[80 80 00 E4 73 C5 1F 03 17 01 00 D1 00 01 10 00 00 00 03 00 02 04 54 00 00 00 00 00 00 00 00 00 00]
!!! [HID] handle=0x1008b, data=[80 80 00 E4 73 C5 1F 03 17 01 00 D1 00 01 10 00 00 00 03 00 02 04 54 00 00 00 00 00 00 00 00 00 00]
!!! [HID] handle=0x1008b, data=[80 80 00 E4 73 C5 1F 03 17 01 00 D1 00 01 10 00 00 00 03 00 02 04 54 00 00 00 00 00 00 00 00 00 00]
!!! [HID] handle=0x1008b, data=[80 80 00 E4 73 C5 1F 03 17 01 00 D1 00 01 10 00 00 00 03 00 02 04 54 00 00 00 00 00 00 00 00 00 00]
!!! [HID] handle=0x1008b, data=[80 80 00 E4 73 C5 1F 03 17 01 00 D1 00 01 10 00 00 00 03 00 02 04 54 00 00 00 00 00 00 00 00 00 00]
!!! [HID] handle=0x1008b, data=[80 80 00 E4 73 C5 1F 03 17 01 00 D1 00 01 10 00 00 00 03 00 02 04 54 00 00 00 00 00 00 00 00 00 00]
!!! [HID] handle=0x1008b, data=[80 80 00 E4 73 C5 1F 03 17 01 00 D1 00 01 10 00 00 00 03 00 02 04 54 00 00 00 00 00 00 00 00 00 00]
Backend: Heartbeat Ping emitted.
!!! [HID] handle=0x1008b, data=[80 80 00 E4 73 C5 1F 03 17 01 00 D1 00 01 10 00 00 00 03 00 02 04 54 00 00 00 00 00 00 00 00 00 00]
!!! [HID] handle=0x1008b, data=[80 80 00 E4 73 C5 1F 03 17 01 00 D1 00 01 10 00 00 00 03 00 02 04 54 00 00 00 00 00 00 00 00 00 00]
!!! [HID] handle=0x1008b, data=[80 80 00 E4 73 C5 1F 03 17 01 00 D1 00 01 10 00 00 00 03 00 02 04 54 00 00 00 00 00 00 00 00 00 00]
!!! [HID] handle=0x1008b, data=[80 80 00 E4 73 C5 1F 03 17 01 00 D1 00 01 10 00 00 00 03 00 02 04 54 00 00 00 00 00 00 00 00 00 00]
!!! [HID] handle=0x1008b, data=[80 80 00 E4 73 C5 1F 03 17 01 00 D1 00 01 10 00 00 00 03 00 02 04 54 00 00 00 00 00 00 00 00 00 00]
!!! [HID] handle=0x1008b, data=[80 80 00 E4 73 C5 1F 03 17 01 00 D1 00 01 10 00 00 00 03 00 02 04 54 00 00 00 00 00 00 00 00 00 00]
!!! [HID] handle=0x1008b, data=[80 80 00 E4 73 C5 1F 03 17 01 00 D1 00 01 10 00 00 00 03 00 02 04 54 00 00 00 00 00 00 00 00 00 00]
!!! [HID] handle=0x1008b, data=[80 80 00 E4 73 C5 1F 03 17 01 00 D1 00 01 10 00 00 00 03 00 02 04 54 00 00 00 00 00 00 00 00 00 00]
!!! [HID] handle=0x1008b, data=[80 80 00 E4 73 C5 1F 03 17 01 00 D1 00 01 10 00 00 00 03 00 02 04 54 00 00 00 00 00 00 00 00 00 00]
!!! [HID] handle=0x1008b, data=[80 80 00 E4 73 C5 1F 03 17 01 00 D1 00 01 10 00 00 00 03 00 02 04 54 00 00 00 00 00 00 00 00 00 00]
Backend: Heartbeat Ping emitted.
!!! [HID] handle=0x1008b, data=[80 80 00 E4 73 C5 1F 03 17 01 00 D1 00 01 10 00 00 00 03 00 02 04 54 00 00 00 00 00 00 00 00 00 00]
!!! [HID] handle=0x1008b, data=[80 80 00 E4 73 C5 1F 03 17 01 00 D1 00 01 10 00 00 00 03 00 02 04 54 00 00 00 00 00 00 00 00 00 00]
!!! [HID] handle=0x1008b, data=[80 80 00 E4 73 C5 1F 03 17 01 00 D1 00 01 10 00 00 00 03 00 02 04 54 00 00 00 00 00 00 00 00 00 00]
!!! [HID] handle=0x1008b, data=[80 80 00 E4 73 C5 1F 03 17 01 00 D1 00 01 10 00 00 00 03 00 02 04 54 00 00 00 00 00 00 00 00 00 00]
!!! [HID] handle=0x1008b, data=[80 80 00 E4 73 C5 1F 03 17 01 00 D1 00 01 10 00 00 00 03 00 02 04 54 00 00 00 00 00 00 00 00 00 00]
!!! [HID] handle=0x1008b, data=[80 80 00 E4 73 C5 1F 03 17 01 00 D1 00 01 10 00 00 00 03 00 02 04 54 00 00 00 00 00 00 00 00 00 00]
!!! [HID] handle=0x1008b, data=[80 80 00 E4 73 C5 1F 03 17 01 00 D1 00 01 10 00 00 00 03 00 02 04 54 00 00 00 00 00 00 00 00 00 00]
!!! [HID] handle=0x1008b, data=[80 80 00 E4 73 C5 1F 03 17 01 00 D1 00 01 10 00 00 00 03 00 02 04 54 00 00 00 00 00 00 00 00 00 00]
!!! [HID] handle=0x1008b, data=[80 80 00 E4 73 C5 1F 03 17 01 00 D1 00 01 10 00 00 00 03 00 02 04 54 00 00 00 00 00 00 00 00 00 00]
!!! [HID] handle=0x1008b, data=[80 80 00 E4 73 C5 1F 03 17 01 00 D1 00 01 10 00 00 00 03 00 02 04 54 00 00 00 00 00 00 00 00 00 00]
Backend: Heartbeat Ping emitted.
!!! [HID] handle=0x1008b, data=[80 80 00 E4 73 C5 1F 03 17 01 00 D1 00 01 10 00 00 00 03 00 02 04 54 00 00 00 00 00 00 00 00 00 00]
!!! [HID] handle=0x1008b, data=[80 80 00 E4 73 C5 1F 03 17 01 00 D1 00 01 10 00 00 00 03 00 02 04 54 00 00 00 00 00 00 00 00 00 00]
!!! [HID] handle=0x1008b, data=[80 80 00 E4 73 C5 1F 03 17 01 00 D1 00 01 10 00 00 00 03 00 02 04 54 00 00 00 00 00 00 00 00 00 00]
!!! [HID] handle=0x1008b, data=[80 80 00 E4 73 C5 1F 03 17 01 00 D1 00 01 10 00 00 00 03 00 02 04 54 00 00 00 00 00 00 00 00 00 00]
!!! [HID] handle=0x1008b, data=[80 80 00 E4 73 C5 1F 03 17 01 00 D1 00 01 10 00 00 00 03 00 02 04 54 00 00 00 00 00 00 00 00 00 00]
!!! [HID] handle=0x1008b, data=[80 80 00 E4 73 C5 1F 03 17 01 00 D1 00 01 10 00 00 00 03 00 02 04 54 00 00 00 00 00 00 00 00 00 00]
!!! [HID] handle=0x1008b, data=[80 80 00 E4 73 C5 1F 03 17 01 00 D1 00 01 10 00 00 00 03 00 02 04 54 00 00 00 00 00 00 00 00 00 00]
!!! [HID] handle=0x1008b, data=[80 80 00 E4 73 C5 1F 03 17 01 00 D1 00 01 10 00 00 00 03 00 02 04 54 00 00 00 00 00 00 00 00 00 00]
!!! [HID] handle=0x1008b, data=[80 80 00 E4 73 C5 1F 03 17 01 00 D1 00 01 10 00 00 00 03 00 02 04 54 00 00 00 00 00 00 00 00 00 00]
!!! [HID] handle=0x1008b, data=[80 80 00 E4 73 C5 1F 03 17 01 00 D1 00 01 10 00 00 00 03 00 02 04 54 00 00 00 00 00 00 00 00 00 00]
Backend: Heartbeat Ping emitted.
!!! [HID] handle=0x1008b, data=[80 80 00 E4 73 C5 1F 03 17 01 00 D1 00 01 10 00 00 00 03 00 02 04 54 00 00 00 00 00 00 00 00 00 00]
!!! [HID] handle=0x1008b, data=[80 80 00 E4 73 C5 1F 03 17 01 00 D1 00 01 10 00 00 00 03 00 02 04 54 00 00 00 00 00 00 00 00 00 00]
!!! [HID] handle=0x1008b, data=[80 80 00 E4 73 C5 1F 03 17 01 00 D1 00 01 10 00 00 00 03 00 02 04 54 00 00 00 00 00 00 00 00 00 00]
!!! [HID] handle=0x1008b, data=[80 80 00 E4 73 C5 1F 03 17 01 00 D1 00 01 10 00 00 00 03 00 02 04 54 00 00 00 00 00 00 00 00 00 00]
!!! [HID] handle=0x1008b, data=[80 80 00 E4 73 C5 1F 03 17 01 00 D1 00 01 10 00 00 00 03 00 02 04 54 00 00 00 00 00 00 00 00 00 00]
!!! [HID] handle=0x1008b, data=[80 80 00 E4 73 C5 1F 03 17 01 00 D1 00 01 10 00 00 00 03 00 02 04 54 00 00 00 00 00 00 00 00 00 00]
!!! [HID] handle=0x1008b, data=[80 80 00 E4 73 C5 1F 03 17 01 00 D1 00 01 10 00 00 00 03 00 02 04 54 00 00 00 00 00 00 00 00 00 00]
!!! [HID] handle=0x1008b, data=[80 80 00 E4 73 C5 1F 03 17 01 00 D1 00 01 10 00 00 00 03 00 02 04 54 00 00 00 00 00 00 00 00 00 00]
!!! [HID] handle=0x1008b, data=[80 80 00 E4 73 C5 1F 03 17 01 00 D1 00 01 10 00 00 00 03 00 02 04 54 00 00 00 00 00 00 00 00 00 00]
!!! [HID] handle=0x1008b, data=[80 80 00 E4 73 C5 1F 03 17 01 00 D1 00 01 10 00 00 00 03 00 02 04 54 00 00 00 00 00 00 00 00 00 00]
Backend: Heartbeat Ping emitted.
!!! [HID] handle=0x1008b, data=[80 80 00 E4 73 C5 1F 03 17 01 00 D1 00 01 10 00 00 00 03 00 02 04 54 00 00 00 00 00 00 00 00 00 00]
!!! [HID] handle=0x1008b, data=[80 80 00 E4 73 C5 1F 03 17 01 00 D1 00 01 10 00 00 00 03 00 02 04 54 00 00 00 00 00 00 00 00 00 00]
!!! [HID] handle=0x1008b, data=[80 80 00 E4 73 C5 1F 03 17 01 00 D1 00 01 10 00 00 00 03 00 02 04 54 00 00 00 00 00 00 00 00 00 00]
!!! [HID] handle=0x1008b, data=[80 80 00 E4 73 C5 1F 03 17 01 00 D1 00 01 10 00 00 00 03 00 02 04 54 00 00 00 00 00 00 00 00 00 00]
!!! [HID] handle=0x1008b, data=[80 80 00 E4 73 C5 1F 03 17 01 00 D1 00 01 10 00 00 00 03 00 02 04 54 00 00 00 00 00 00 00 00 00 00]
!!! [HID] handle=0x1008b, data=[80 80 00 E4 73 C5 1F 03 17 01 00 D1 00 01 10 00 00 00 03 00 02 04 54 00 00 00 00 00 00 00 00 00 00]
!!! [HID] handle=0x1008b, data=[80 80 00 E4 73 C5 1F 03 17 01 00 D1 00 01 10 00 00 00 03 00 02 04 54 00 00 00 00 00 00 00 00 00 00]
!!! [HID] handle=0x1008b, data=[80 80 00 E4 73 C5 1F 03 17 01 00 D1 00 01 10 00 00 00 03 00 02 04 54 00 00 00 00 00 00 00 00 00 00]
!!! [HID] handle=0x1008b, data=[80 80 00 E4 73 C5 1F 03 17 01 00 D1 00 01 10 00 00 00 03 00 02 04 54 00 00 00 00 00 00 00 00 00 00]
!!! [HID] handle=0x1008b, data=[80 80 00 E4 73 C5 1F 03 17 01 00 D1 00 01 10 00 00 00 03 00 02 04 54 00 00 00 00 00 00 00 00 00 00]
Backend: Heartbeat Ping emitted.
!!! [HID] handle=0x1008b, data=[80 80 00 E4 73 C5 1F 03 17 01 00 D1 00 01 10 00 00 00 03 00 02 04 54 00 00 00 00 00 00 00 00 00 00]
!!! [HID] handle=0x1008b, data=[80 80 00 E4 73 C5 1F 03 17 01 00 D1 00 01 10 00 00 00 03 00 02 04 54 00 00 00 00 00 00 00 00 00 00]
!!! [HID] handle=0x1008b, data=[80 80 00 E4 73 C5 1F 03 17 01 00 D1 00 01 10 00 00 00 03 00 02 04 54 00 00 00 00 00 00 00 00 00 00]
!!! [HID] handle=0x1008b, data=[80 80 00 E4 73 C5 1F 03 17 01 00 D1 00 01 10 00 00 00 03 00 02 04 54 00 00 00 00 00 00 00 00 00 00]
!!! [HID] handle=0x1008b, data=[80 80 00 E4 73 C5 1F 03 17 01 00 D1 00 01 10 00 00 00 03 00 02 04 54 00 00 00 00 00 00 00 00 00 00]
!!! [HID] handle=0x1008b, data=[80 80 00 E4 73 C5 1F 03 17 01 00 D1 00 01 10 00 00 00 03 00 02 04 54 00 00 00 00 00 00 00 00 00 00]
!!! [HID] handle=0x1008b, data=[80 80 00 E4 73 C5 1F 03 17 01 00 D1 00 01 10 00 00 00 03 00 02 04 54 00 00 00 00 00 00 00 00 00 00]
!!! [HID] handle=0x1008b, data=[80 80 00 E4 73 C5 1F 03 17 01 00 D1 00 01 10 00 00 00 03 00 02 04 54 00 00 00 00 00 00 00 00 00 00]
!!! [HID] handle=0x1008b, data=[80 80 00 E4 73 C5 1F 03 17 01 00 D1 00 01 10 00 00 00 03 00 02 04 54 00 00 00 00 00 00 00 00 00 00]
!!! [HID] handle=0x1008b, data=[80 80 00 E4 73 C5 1F 03 17 01 00 D1 00 01 10 00 00 00 03 00 02 04 54 00 00 00 00 00 00 00 00 00 00]
Backend: Heartbeat Ping emitted.
!!! [HID] handle=0x1008b, data=[80 80 00 E4 73 C5 1F 03 17 01 00 D1 00 01 10 00 00 00 03 00 02 04 54 00 00 00 00 00 00 00 00 00 00]
!!! [HID] handle=0x1008b, data=[80 80 00 E4 73 C5 1F 03 17 01 00 D1 00 01 10 00 00 00 03 00 02 04 54 00 00 00 00 00 00 00 00 00 00]
!!! [HID] handle=0x1008b, data=[80 80 00 E4 73 C5 1F 03 17 01 00 D1 00 01 10 00 00 00 03 00 02 04 54 00 00 00 00 00 00 00 00 00 00]
!!! [HID] handle=0x1008b, data=[80 80 00 E4 73 C5 1F 03 17 01 00 D1 00 01 10 00 00 00 03 00 02 04 54 00 00 00 00 00 00 00 00 00 00]
!!! [HID] handle=0x1008b, data=[80 80 00 E4 73 C5 1F 03 17 01 00 D1 00 01 10 00 00 00 03 00 02 04 54 00 00 00 00 00 00 00 00 00 00]
!!! [HID] handle=0x1008b, data=[80 80 00 E4 73 C5 1F 03 17 01 00 D1 00 01 10 00 00 00 03 00 02 04 54 00 00 00 00 00 00 00 00 00 00]
!!! [HID] handle=0x1008b, data=[80 80 00 E4 73 C5 1F 03 17 01 00 D1 00 01 10 00 00 00 03 00 02 04 54 00 00 00 00 00 00 00 00 00 00]
!!! [HID] handle=0x1008b, data=[80 80 00 E4 73 C5 1F 03 17 01 00 D1 00 01 10 00 00 00 03 00 02 04 54 00 00 00 00 00 00 00 00 00 00]
!!! [HID] handle=0x1008b, data=[80 80 00 E4 73 C5 1F 03 17 01 00 D1 00 01 10 00 00 00 03 00 02 04 54 00 00 00 00 00 00 00 00 00 00]
!!! [HID] handle=0x1008b, data=[80 80 00 E4 73 C5 1F 03 17 01 00 D1 00 01 10 00 00 00 03 00 02 04 54 00 00 00 00 00 00 00 00 00 00]
Backend: Heartbeat Ping emitted.
!!! [HID] handle=0x1008b, data=[80 80 00 E4 73 C5 1F 03 17 01 00 D1 00 01 10 00 00 00 03 00 02 04 54 00 00 00 00 00 00 00 00 00 00]
!!! [HID] handle=0x1008b, data=[80 80 00 E4 73 C5 1F 03 17 01 00 D1 00 01 10 00 00 00 03 00 02 04 54 00 00 00 00 00 00 00 00 00 00]
!!! [HID] handle=0x1008b, data=[80 80 00 E4 73 C5 1F 03 17 01 00 D1 00 01 10 00 00 00 03 00 02 04 54 00 00 00 00 00 00 00 00 00 00]
!!! [HID] handle=0x1008b, data=[80 80 00 E4 73 C5 1F 03 17 01 00 D1 00 01 10 00 00 00 03 00 02 04 54 00 00 00 00 00 00 00 00 00 00]
!!! [HID] handle=0x1008b, data=[80 80 00 E4 73 C5 1F 03 17 01 00 D1 00 01 10 00 00 00 03 00 02 04 54 00 00 00 00 00 00 00 00 00 00]
!!! [HID] handle=0x1008b, data=[80 80 00 E4 73 C5 1F 03 17 01 00 D1 00 01 10 00 00 00 03 00 02 04 54 00 00 00 00 00 00 00 00 00 00]
!!! [HID] handle=0x1008b, data=[80 80 00 E4 73 C5 1F 03 17 01 00 D1 00 01 10 00 00 00 03 00 02 04 54 00 00 00 00 00 00 00 00 00 00]
!!! [HID] handle=0x1008b, data=[80 80 00 E4 73 C5 1F 03 17 01 00 D1 00 01 10 00 00 00 03 00 02 04 54 00 00 00 00 00 00 00 00 00 00]
!!! [HID] handle=0x1008b, data=[80 80 00 E4 73 C5 1F 03 17 01 00 D1 00 01 10 00 00 00 03 00 02 04 54 00 00 00 00 00 00 00 00 00 00]
!!! [HID] handle=0x1008b, data=[80 80 00 E4 73 C5 1F 03 17 01 00 D1 00 01 10 00 00 00 03 00 02 04 54 00 00 00 00 00 00 00 00 00 00]
Backend: Heartbeat Ping emitted.
!!! [HID] handle=0x1008b, data=[80 80 00 E4 73 C5 1F 03 17 01 00 D1 00 01 10 00 00 00 03 00 02 04 54 00 00 00 00 00 00 00 00 00 00]
!!! [HID] handle=0x1008b, data=[80 80 00 E4 73 C5 1F 03 17 01 00 D1 00 01 10 00 00 00 03 00 02 04 54 00 00 00 00 00 00 00 00 00 00]
!!! [HID] handle=0x1008b, data=[80 80 00 E4 73 C5 1F 03 17 01 00 D1 00 01 10 00 00 00 03 00 02 04 54 00 00 00 00 00 00 00 00 00 00]
!!! [HID] handle=0x1008b, data=[80 80 00 E4 73 C5 1F 03 17 01 00 D1 00 01 10 00 00 00 03 00 02 04 54 00 00 00 00 00 00 00 00 00 00]
!!! [HID] handle=0x1008b, data=[80 80 00 E4 73 C5 1F 03 17 01 00 D1 00 01 10 00 00 00 03 00 02 04 54 00 00 00 00 00 00 00 00 00 00]
!!! [HID] handle=0x1008b, data=[80 80 00 E4 73 C5 1F 03 17 01 00 D1 00 01 10 00 00 00 03 00 02 04 54 00 00 00 00 00 00 00 00 00 00]
!!! [HID] handle=0x1008b, data=[80 80 00 E4 73 C5 1F 03 17 01 00 D1 00 01 10 00 00 00 03 00 02 04 54 00 00 00 00 00 00 00 00 00 00]
!!! [HID] handle=0x1008b, data=[80 80 00 E4 73 C5 1F 03 17 01 00 D1 00 01 10 00 00 00 03 00 02 04 54 00 00 00 00 00 00 00 00 00 00]
!!! [HID] handle=0x1008b, data=[80 80 00 E4 73 C5 1F 03 17 01 00 D1 00 01 10 00 00 00 03 00 02 04 54 00 00 00 00 00 00 00 00 00 00]
!!! [HID] handle=0x1008b, data=[80 80 00 E4 73 C5 1F 03 17 01 00 D1 00 01 10 00 00 00 03 00 02 04 54 00 00 00 00 00 00 00 00 00 00]
Backend: Heartbeat Ping emitted.
!!! [HID] handle=0x1008b, data=[80 80 00 E4 73 C5 1F 03 17 01 00 D1 00 01 10 00 00 00 03 00 02 04 54 00 00 00 00 00 00 00 00 00 00]
!!! [HID] handle=0x1008b, data=[80 80 00 E4 73 C5 1F 03 17 01 00 D1 00 01 10 00 00 00 03 00 02 04 54 00 00 00 00 00 00 00 00 00 00]
!!! [HID] handle=0x1008b, data=[80 80 00 E4 73 C5 1F 03 17 01 00 D1 00 01 10 00 00 00 03 00 02 04 54 00 00 00 00 00 00 00 00 00 00]
!!! [HID] handle=0x1008b, data=[80 80 00 E4 73 C5 1F 03 17 01 00 D1 00 01 10 00 00 00 03 00 02 04 54 00 00 00 00 00 00 00 00 00 00]
!!! [HID] handle=0x1008b, data=[80 80 00 E4 73 C5 1F 03 17 01 00 D1 00 01 10 00 00 00 03 00 02 04 54 00 00 00 00 00 00 00 00 00 00]
!!! [HID] handle=0x1008b, data=[80 80 00 E4 73 C5 1F 03 17 01 00 D1 00 01 10 00 00 00 03 00 02 04 54 00 00 00 00 00 00 00 00 00 00]
!!! [HID] handle=0x1008b, data=[80 80 00 E4 73 C5 1F 03 17 01 00 D1 00 01 10 00 00 00 03 00 02 04 54 00 00 00 00 00 00 00 00 00 00]
!!! [HID] handle=0x1008b, data=[80 80 00 E4 73 C5 1F 03 17 01 00 D1 00 01 10 00 00 00 03 00 02 04 54 00 00 00 00 00 00 00 00 00 00]
!!! [HID] handle=0x1008b, data=[80 80 00 E4 73 C5 1F 03 17 01 00 D1 00 01 10 00 00 00 03 00 02 04 54 00 00 00 00 00 00 00 00 00 00]
!!! [HID] handle=0x1008b, data=[80 80 00 E4 73 C5 1F 03 17 01 00 D1 00 01 10 00 00 00 03 00 02 04 54 00 00 00 00 00 00 00 00 00 00]
Backend: Heartbeat Ping emitted.
!!! [HID] handle=0x1008b, data=[80 80 00 E4 73 C5 1F 03 17 01 00 D1 00 01 10 00 00 00 03 00 02 04 54 00 00 00 00 00 00 00 00 00 00]
!!! [HID] handle=0x1008b, data=[80 80 00 E4 73 C5 1F 03 17 01 00 D1 00 01 10 00 00 00 03 00 02 04 54 00 00 00 00 00 00 00 00 00 00]
!!! [HID] handle=0x1008b, data=[80 80 00 E4 73 C5 1F 03 17 01 00 D1 00 01 10 00 00 00 03 00 02 04 54 00 00 00 00 00 00 00 00 00 00]
!!! [HID] handle=0x1008b, data=[80 80 00 E4 73 C5 1F 03 17 01 00 D1 00 01 10 00 00 00 03 00 02 04 54 00 00 00 00 00 00 00 00 00 00]
!!! [HID] handle=0x1008b, data=[80 80 00 E4 73 C5 1F 03 17 01 00 D1 00 01 10 00 00 00 03 00 02 04 54 00 00 00 00 00 00 00 00 00 00]
!!! [HID] handle=0x1008b, data=[80 80 00 E4 73 C5 1F 03 17 01 00 D1 00 01 10 00 00 00 03 00 02 04 54 00 00 00 00 00 00 00 00 00 00]
!!! [HID] handle=0x1008b, data=[80 80 00 E4 73 C5 1F 03 17 01 00 D1 00 01 10 00 00 00 03 00 02 04 54 00 00 00 00 00 00 00 00 00 00]
!!! [HID] handle=0x1008b, data=[80 80 00 E4 73 C5 1F 03 17 01 00 D1 00 01 10 00 00 00 03 00 02 04 54 00 00 00 00 00 00 00 00 00 00]
!!! [HID] handle=0x1008b, data=[80 80 00 E4 73 C5 1F 03 17 01 00 D1 00 01 10 00 00 00 03 00 02 04 54 00 00 00 00 00 00 00 00 00 00]
!!! [HID] handle=0x1008b, data=[80 80 00 E4 73 C5 1F 03 17 01 00 D1 00 01 10 00 00 00 03 00 02 04 54 00 00 00 00 00 00 00 00 00 00]
Backend: Heartbeat Ping emitted.
!!! [HID] handle=0x1008b, data=[80 80 00 E4 73 C5 1F 03 17 01 00 D1 00 01 10 00 00 00 03 00 02 04 54 00 00 00 00 00 00 00 00 00 00]
!!! [HID] handle=0x1008b, data=[80 80 00 E4 73 C5 1F 03 17 01 00 D1 00 01 10 00 00 00 03 00 02 04 54 00 00 00 00 00 00 00 00 00 00]
!!! [HID] handle=0x1008b, data=[80 80 00 E4 73 C5 1F 03 17 01 00 D1 00 01 10 00 00 00 03 00 02 04 54 00 00 00 00 00 00 00 00 00 00]
!!! [HID] handle=0x1008b, data=[80 80 00 E4 73 C5 1F 03 17 01 00 D1 00 01 10 00 00 00 03 00 02 04 54 00 00 00 00 00 00 00 00 00 00]
!!! [HID] handle=0x1008b, data=[80 80 00 E4 73 C5 1F 03 17 01 00 D1 00 01 10 00 00 00 03 00 02 04 54 00 00 00 00 00 00 00 00 00 00]
!!! [HID] handle=0x1008b, data=[80 80 00 E4 73 C5 1F 03 17 01 00 D1 00 01 10 00 00 00 03 00 02 04 54 00 00 00 00 00 00 00 00 00 00]
!!! [HID] handle=0x1008b, data=[80 80 00 E4 73 C5 1F 03 17 01 00 D1 00 01 10 00 00 00 03 00 02 04 54 00 00 00 00 00 00 00 00 00 00]
!!! [HID] handle=0x1008b, data=[80 80 00 E4 73 C5 1F 03 17 01 00 D1 00 01 10 00 00 00 03 00 02 04 54 00 00 00 00 00 00 00 00 00 00]
!!! [HID] handle=0x1008b, data=[80 80 00 E4 73 C5 1F 03 17 01 00 D1 00 01 10 00 00 00 03 00 02 04 54 00 00 00 00 00 00 00 00 00 00]
!!! [HID] handle=0x1008b, data=[80 80 00 E4 73 C5 1F 03 17 01 00 D1 00 01 10 00 00 00 03 00 02 04 54 00 00 00 00 00 00 00 00 00 00]
Backend: Heartbeat Ping emitted.
!!! [HID] handle=0x1008b, data=[80 80 00 E4 73 C5 1F 03 17 01 00 D1 00 01 10 00 00 00 03 00 02 04 54 00 00 00 00 00 00 00 00 00 00]
!!! [HID] handle=0x1008b, data=[80 80 00 E4 73 C5 1F 03 17 01 00 D1 00 01 10 00 00 00 03 00 02 04 54 00 00 00 00 00 00 00 00 00 00]
!!! [HID] handle=0x1008b, data=[80 80 00 E4 73 C5 1F 03 17 01 00 D1 00 01 10 00 00 00 03 00 02 04 54 00 00 00 00 00 00 00 00 00 00]
!!! [HID] handle=0x1008b, data=[80 80 00 E4 73 C5 1F 03 17 01 00 D1 00 01 10 00 00 00 03 00 02 04 54 00 00 00 00 00 00 00 00 00 00]
!!! [HID] handle=0x1008b, data=[80 80 00 E4 73 C5 1F 03 17 01 00 D1 00 01 10 00 00 00 03 00 02 04 54 00 00 00 00 00 00 00 00 00 00]
!!! [HID] handle=0x1008b, data=[80 80 00 E4 73 C5 1F 03 17 01 00 D1 00 01 10 00 00 00 03 00 02 04 54 00 00 00 00 00 00 00 00 00 00]
!!! [HID] handle=0x1008b, data=[80 80 00 E4 73 C5 1F 03 17 01 00 D1 00 01 10 00 00 00 03 00 02 04 54 00 00 00 00 00 00 00 00 00 00]
!!! [HID] handle=0x1008b, data=[80 80 00 E4 73 C5 1F 03 17 01 00 D1 00 01 10 00 00 00 03 00 02 04 54 00 00 00 00 00 00 00 00 00 00]
!!! [HID] handle=0x1008b, data=[80 80 00 E4 73 C5 1F 03 17 01 00 D1 00 01 10 00 00 00 03 00 02 04 54 00 00 00 00 00 00 00 00 00 00]
!!! [HID] handle=0x1008b, data=[80 80 00 E4 73 C5 1F 03 17 01 00 D1 00 01 10 00 00 00 03 00 02 04 54 00 00 00 00 00 00 00 00 00 00]
Backend: Heartbeat Ping emitted.
!!! [HID] handle=0x1008b, data=[80 80 00 E4 73 C5 1F 03 17 01 00 D1 00 01 10 00 00 00 03 00 02 04 54 00 00 00 00 00 00 00 00 00 00]
!!! [HID] handle=0x1008b, data=[80 80 00 E4 73 C5 1F 03 17 01 00 D1 00 01 10 00 00 00 03 00 02 04 54 00 00 00 00 00 00 00 00 00 00]
!!! [HID] handle=0x1008b, data=[80 80 00 E4 73 C5 1F 03 17 01 00 D1 00 01 10 00 00 00 03 00 02 04 54 00 00 00 00 00 00 00 00 00 00]
!!! [HID] handle=0x1008b, data=[80 80 00 E4 73 C5 1F 03 17 01 00 D1 00 01 10 00 00 00 03 00 02 04 54 00 00 00 00 00 00 00 00 00 00]
!!! [HID] handle=0x1008b, data=[80 80 00 E4 73 C5 1F 03 17 01 00 D1 00 01 10 00 00 00 03 00 02 04 54 00 00 00 00 00 00 00 00 00 00]
!!! [HID] handle=0x1008b, data=[80 80 00 E4 73 C5 1F 03 17 01 00 D1 00 01 10 00 00 00 03 00 02 04 54 00 00 00 00 00 00 00 00 00 00]
!!! [HID] handle=0x1008b, data=[80 80 00 E4 73 C5 1F 03 17 01 00 D1 00 01 10 00 00 00 03 00 02 04 54 00 00 00 00 00 00 00 00 00 00]
!!! [HID] handle=0x1008b, data=[80 80 00 E4 73 C5 1F 03 17 01 00 D1 00 01 10 00 00 00 03 00 02 04 54 00 00 00 00 00 00 00 00 00 00]
!!! [HID] handle=0x1008b, data=[80 80 00 E4 73 C5 1F 03 17 01 00 D1 00 01 10 00 00 00 03 00 02 04 54 00 00 00 00 00 00 00 00 00 00]
!!! [HID] handle=0x1008b, data=[80 80 00 E4 73 C5 1F 03 17 01 00 D1 00 01 10 00 00 00 03 00 02 04 54 00 00 00 00 00 00 00 00 00 00]
Backend: Heartbeat Ping emitted.
!!! [HID] handle=0x1008b, data=[80 80 00 E4 73 C5 1F 03 17 01 00 D1 00 01 10 00 00 00 03 00 02 04 54 00 00 00 00 00 00 00 00 00 00]
!!! [HID] handle=0x1008b, data=[80 80 00 E4 73 C5 1F 03 17 01 00 D1 00 01 10 00 00 00 03 00 02 04 54 00 00 00 00 00 00 00 00 00 00]
!!! [HID] handle=0x1008b, data=[80 80 00 E4 73 C5 1F 03 17 01 00 D1 00 01 10 00 00 00 03 00 02 04 54 00 00 00 00 00 00 00 00 00 00]
!!! [HID] handle=0x1008b, data=[80 80 00 E4 73 C5 1F 03 17 01 00 D1 00 01 10 00 00 00 03 00 02 04 54 00 00 00 00 00 00 00 00 00 00]
!!! [HID] handle=0x1008b, data=[80 80 00 E4 73 C5 1F 03 17 01 00 D1 00 01 10 00 00 00 03 00 02 04 54 00 00 00 00 00 00 00 00 00 00]
!!! [HID] handle=0x1008b, data=[80 80 00 E4 73 C5 1F 03 17 01 00 D1 00 01 10 00 00 00 03 00 02 04 54 00 00 00 00 00 00 00 00 00 00]
!!! [HID] handle=0x1008b, data=[80 80 00 E4 73 C5 1F 03 17 01 00 D1 00 01 10 00 00 00 03 00 02 04 54 00 00 00 00 00 00 00 00 00 00]
!!! [HID] handle=0x1008b, data=[80 80 00 E4 73 C5 1F 03 17 01 00 D1 00 01 10 00 00 00 03 00 02 04 54 00 00 00 00 00 00 00 00 00 00]
!!! [HID] handle=0x1008b, data=[80 80 00 E4 73 C5 1F 03 17 01 00 D1 00 01 10 00 00 00 03 00 02 04 54 00 00 00 00 00 00 00 00 00 00]
!!! [HID] handle=0x1008b, data=[80 80 00 E4 73 C5 1F 03 17 01 00 D1 00 01 10 00 00 00 03 00 02 04 54 00 00 00 00 00 00 00 00 00 00]
Backend: Heartbeat Ping emitted.
!!! [HID] handle=0x1008b, data=[80 80 00 E4 73 C5 1F 03 17 01 00 D1 00 01 10 00 00 00 03 00 02 04 54 00 00 00 00 00 00 00 00 00 00]
error: process didn't exit successfully: `C:/Users/u/cargo_targets/yats\debug\yats.exe` (exit code: 1)
        Info File src-tauri\src\touchpad_monitor.rs changed. Rebuilding application...
     Running DevCommand (`cargo  run --no-default-features --color always --`)
   Compiling yats v0.1.0 (C:\Users\u\OneDrive\devel\Antigravity\Projects\yats\src-tauri)
    Building [] 398/400
